x = 7.5/.707
2